1 0 0 0 0 0 0 0 711 0 4 0 0 125 27 0 0 0 113 0 359 0 0 0 100 16 0 0 0 0 0 0 0 0 0 8 0 0 0 0 0 0 0 0 0 0 0 0 0 0 0 0 0 9 0 0 0 0 0 21 0 524 0 0 0 0 0 0 0 0 17 0 0 0 0 0 0 0 0 0 78 0 0 117 0 0 0 0 0 2 1 1 0 14 0 55 0 234 0 24 0
2 0 0 0 38 16 0 0 20 8 0 5 0 59 0 0 0 0 956 80 376 204 0 0 0 0 0 25 0 0 68 0 0 0 0 0 0 0 0 0 0 0 0 0 0 22 15 0 0 0 0 0 2 0 0 0 0 0 76 293 0 1041 100 0 0 0 0 155 0 36 36 0 0 0 0 0 0 0 0 32 30 0 0 96 0 0 0 0 0 5 0 20 0 20 0 127 18 24 15 5 50
4 0 0 0 0 11 0 0 518 0 0 0 0 59 4 0 0 0 155 0 254 0 0 0 14 0 0 0 0 0 8 0 60 0 0 0 0 0 0 0 0 0 0 0 0 0 0 1 0 0 0 0 0 0 0 0 0 0 0 39 0 506 0 0 0 0 0 0 0 6 15 0 0 24 0 0 0 0 0 25 16 0 0 0 0 0 0 0 0 0 0 0 0 0 0 101 1 220 0 0 0
5 0 0 0 0 12 0 0 32 0 0 0 0 87 0 0 6 0 986 3 160 164 46 62 0 0 0 0 0 0 36 0 0 0 0 0 0 0 0 0 0 0 0 0 0 0 0 0 0 0 0 0 0 5 0 0 0 0 68 204 34 369 154 0 0 0 0 0 0 19 16 0 0 0 0 0 0 0 0 33 70 0 0 89 0 0 0 0 0 7 0 0 0 0 0 141 0 98 0 0 10
6 0 0 0 0 19 0 0 26 0 0 0 0 175 12 0 0 0 1520 15 283 0 0 0 0 0 0 10 41 0 39 0 0 0 0 0 0 0 0 0 0 0 0 0 0 42 0 0 0 0 0 0 8 0 0 0 0 0 211 206 240 402 0 0 7 0 0 0 0 11 9 14 0 0 0 0 0 0 0 40 32 0 12 56 0 0 0 0 0 7 0 0 0 35 0 116 15 142 0 0 2
8 0 0 0 0 0 0 0 50 0 0 0 0 73 0 0 0 0 608 0 152 6 0 99 0 0 0 0 0 0 23 0 0 0 0 0 0 0 0 0 0 0 0 0 0 8 1 0 0 0 0 0 0 5 0 0 0 0 129 176 0 304 0 12 43 18 0 0 0 5 7 0 0 0 0 0 0 0 0 15 30 0 0 36 0 0 0 0 0 0 0 0 0 4 0 32 28 70 15 0 0
10 0 0 0 38 59 0 0 532 0 0 123 13 150 8 0 0 0 494 0 426 128 0 0 9 0 0 0 0 0 0 0 0 0 0 0 0 0 0 0 0 0 0 0 0 0 0 0 0 0 0 0 6 22 0 0 0 0 38 204 0 581 153 0 0 0 0 0 0 9 4 0 0 0 0 0 0 0 15 10 22 0 0 21 0 0 0 0 0 0 0 0 0 0 0 293 0 101 0 0 20
12 0 0 0 0 0 0 0 547 0 0 0 39 31 5 0 0 0 180 0 125 12 0 0 18 0 0 0 0 0 48 0 0 0 0 0 0 0 0 0 0 0 0 0 0 0 0 0 0 0 0 0 0 0 0 0 0 0 40 165 0 218 26 0 0 0 0 0 0 12 17 0 0 0 0 0 0 0 0 23 25 0 0 0 0 0 0 0 0 0 0 0 0 0 0 1 34 122 0 0 0
13 0 0 0 0 0 0 0 619 0 0 0 0 91 24 0 0 0 173 0 173 0 0 0 0 0 0 0 0 0 14 0 0 0 0 0 0 0 0 0 0 0 0 0 0 0 0 11 0 0 0 0 0 0 0 0 0 0 93 85 0 450 0 51 0 0 0 0 0 8 20 0 0 0 0 0 7 0 0 13 24 0 0 0 0 0 0 0 0 0 0 0 0 0 0 13 1 8 0 0 0
14 0 0 0 0 0 0 0 27 0 33 5 0 78 0 0 0 0 550 22 448 130 26 0 0 0 0 0 32 10 123 34 0 0 0 0 0 43 0 0 4 0 0 0 0 0 0 0 0 0 0 0 7 1 10 0 0 0 20 61 41 396 66 15 11 11 0 0 0 1 3 0 22 0 0 0 0 0 0 6 12 0 0 184 0 0 0 0 0 31 5 5 0 8 0 81 0 14 9 1 58
15 0 0 0 0 0 0 0 59 0 0 0 0 82 19 0 0 0 899 25 556 24 0 0 0 7 0 0 39 0 34 0 0 0 0 0 0 0 0 0 0 0 0 0 3 0 0 0 0 0 0 0 4 3 0 0 0 0 29 61 115 533 73 0 25 8 0 0 0 0 14 0 0 0 0 12 0 0 0 9 24 0 0 81 0 0 0 0 0 6 0 0 9 8 0 182 0 48 2 0 0
18 0 0 0 0 0 0 0 27 0 0 0 0 101 0 0 0 0 874 0 187 90 0 0 0 0 0 0 0 0 71 0 0 0 0 0 0 0 0 0 0 0 0 0 0 0 12 0 0 0 0 0 0 0 6 0 0 0 119 230 14 689 123 0 0 0 0 0 0 22 18 0 0 0 0 0 0 0 0 35 91 0 0 51 0 0 0 0 0 8 0 11 0 0 0 54 41 36 0 0 21
22 0 0 0 0 0 0 49 46 0 0 0 0 89 0 0 0 0 661 0 406 12 0 0 0 0 0 0 102 0 0 0 0 0 0 0 0 0 0 0 0 0 0 0 0 0 0 0 0 0 0 0 0 9 0 0 0 0 31 58 0 618 0 0 0 0 0 0 0 12 5 6 0 0 0 0 0 0 0 25 23 0 29 184 0 0 0 0 0 0 3 8 0 4 0 26 5 9 0 14 25
23 0 0 0 0 12 0 3 0 0 0 0 0 187 0 0 0 63 561 35 135 112 5 0 0 0 0 0 0 0 123 0 0 0 0 0 0 0 0 0 91 0 0 0 0 0 0 0 0 0 0 0 0 9 13 0 0 0 82 51 72 428 191 0 10 0 0 0 0 9 6 0 68 0 0 0 0 0 0 14 39 0 0 37 0 0 0 0 0 12 0 0 0 0 0 169 14 28 11 0 1
25 0 0 0 0 0 0 0 57 0 0 0 0 116 17 0 0 0 1089 0 456 37 0 0 0 0 0 0 0 0 180 0 0 0 0 0 0 0 0 0 0 0 0 0 0 0 8 0 0 0 0 0 0 0 0 0 0 0 66 292 181 546 31 0 15 0 0 0 0 21 17 0 0 0 0 0 0 0 0 23 13 0 0 68 0 0 0 0 0 38 0 24 0 0 0 82 16 111 0 11 13
27 0 0 0 0 0 0 0 118 0 0 0 0 162 0 0 0 0 1379 3 341 23 0 0 0 0 0 0 0 0 95 0 0 0 0 0 0 0 0 0 0 0 0 0 0 0 5 10 0 0 0 0 0 13 0 0 0 21 134 194 20 613 0 0 89 0 0 0 13 14 9 0 0 0 0 0 0 0 9 22 47 0 0 0 0 0 0 0 0 0 0 0 0 0 0 108 6 51 12 0 0
26 0 0 0 0 0 0 0 21 0 0 0 0 68 0 0 0 0 450 60 230 64 0 0 0 0 0 0 0 0 82 0 0 0 0 0 0 0 0 0 0 0 0 0 0 4 8 0 10 0 8 0 0 0 0 0 0 0 32 233 0 720 0 0 0 0 0 0 0 11 31 0 0 0 0 0 0 0 0 22 36 0 0 22 0 0 0 0 0 2 0 9 0 0 0 36 18 57 0 3 91
29 0 0 0 0 0 0 0 55 0 0 0 0 94 0 0 0 0 597 28 492 7 0 0 0 0 0 0 0 42 0 0 0 0 0 0 0 0 0 0 0 0 0 0 2 0 0 0 0 0 0 0 30 7 0 0 0 0 42 124 87 883 0 0 27 0 0 0 0 31 12 0 0 0 0 0 0 0 0 25 68 0 0 247 0 0 0 0 0 96 0 0 0 39 5 130 0 67 0 0 2
31 0 0 0 0 0 0 0 52 0 0 35 0 63 0 0 0 797 3227 1 95 279 4 0 0 0 0 0 0 0 32 17 0 0 0 0 0 0 0 0 0 0 0 0 0 0 0 0 0 25 0 0 0 0 0 0 0 0 247 224 247 1239 350 0 0 0 0 0 0 33 12 0 0 0 0 0 0 0 0 69 114 0 0 28 0 0 0 0 0 0 0 0 0 0 0 59 0 204 7 0 41
32 28 0 0 0 8 0 0 0 0 0 0 0 86 9 0 0 0 1210 0 452 138 0 12 0 0 0 0 7 0 240 77 0 0 14 44 0 0 0 0 0 0 0 0 0 3 2 0 0 0 0 0 0 0 17 0 0 0 10 123 61 325 236 0 0 0 0 0 0 4 20 0 0 0 0 0 0 0 0 5 59 0 0 297 0 0 0 0 14 15 0 6 6 19 79 4 23 16 1 0 5
35 0 0 0 0 11 17 0 18 0 0 0 0 83 6 469 0 0 1085 0 289 1 0 0 0 0 0 0 34 0 64 0 0 0 0 0 0 0 0 0 0 0 0 0 0 0 0 0 0 0 0 9 5 6 0 0 0 0 37 545 0 541 0 0 0 0 0 0 0 9 20 0 0 0 0 0 0 0 0 35 45 0 0 201 41 0 0 0 0 20 4 14 0 0 0 41 0 36 0 0 18
36 0 0 0 0 0 0 0 7 0 0 0 0 57 14 0 0 0 1078 0 317 0 27 0 0 0 0 0 0 15 79 0 0 0 0 0 0 0 0 0 0 0 0 9 0 0 0 0 0 0 0 0 10 0 0 0 0 0 175 209 47 1175 0 53 0 0 0 0 0 9 8 0 0 0 0 0 0 0 0 31 47 0 0 0 0 0 0 0 0 0 0 0 0 0 0 78 0 14 0 0 0
40 0 336 0 0 0 0 0 6 0 0 0 0 93 18 0 0 0 1479 0 192 0 0 0 0 0 0 0 0 0 0 0 0 0 0 0 0 0 0 0 0 0 0 0 0 0 0 0 0 0 0 0 0 0 0 0 0 0 117 240 131 412 0 0 28 0 0 0 0 10 10 0 0 0 0 0 0 0 0 32 73 0 0 40 0 0 0 0 0 0 0 0 0 0 0 92 0 83 17 0 3
42 0 80 0 0 0 0 0 29 0 0 0 0 97 0 0 0 100 1954 0 143 407 0 0 0 0 0 0 0 0 27 0 0 0 0 0 0 0 0 0 0 0 0 0 0 0 0 0 0 0 0 0 11 0 0 0 0 0 110 226 0 1626 416 0 0 54 0 0 0 62 56 0 0 0 0 0 0 0 0 43 24 0 0 70 0 21 0 0 0 0 1 0 0 0 0 36 0 74 0 0 0
43 0 6 0 0 0 0 0 98 0 0 0 0 157 6 0 0 0 432 22 304 246 0 57 0 0 0 10 0 17 52 0 0 73 15 23 37 186 176 0 0 0 0 0 0 0 0 0 0 0 0 0 0 0 0 0 0 0 0 35 134 259 158 0 0 0 0 0 0 17 27 0 0 0 0 0 45 0 0 21 24 0 0 70 0 0 0 0 0 24 0 0 0 0 0 88 13 53 0 3 0
47 0 0 0 0 19 0 0 21 0 0 0 0 66 0 0 28 0 1068 0 500 98 0 67 0 15 0 4 14 0 81 8 0 0 0 0 0 0 0 0 0 0 0 0 0 0 3 0 0 6 0 0 0 8 0 0 0 0 38 116 46 770 0 0 19 0 17 0 0 16 16 0 0 0 0 0 0 93 0 57 43 0 12 40 0 0 0 0 0 0 0 0 0 0 0 39 14 66 0 24 3
48 0 0 0 0 0 0 0 15 0 0 0 0 146 0 0 0 0 1038 0 250 11 0 0 0 0 0 0 0 0 55 0 0 0 0 0 0 0 0 0 0 0 0 0 0 0 0 0 0 0 0 0 0 0 0 0 0 0 159 222 47 477 41 0 11 0 0 0 0 8 9 0 0 0 0 0 0 0 0 27 24 0 0 0 0 0 0 0 0 0 0 0 0 0 0 143 1 88 0 0 0
49 0 0 0 0 0 0 0 49 0 0 0 0 114 0 0 0 0 400 0 315 9 0 15 15 0 0 0 0 24 97 0 0 0 0 0 0 0 0 0 0 37 0 0 0 11 15 0 0 0 0 0 0 17 0 0 0 0 16 31 0 582 0 0 11 10 0 0 0 5 4 0 0 0 0 0 0 0 0 18 18 0 0 74 0 0 0 0 0 23 0 30 0 113 5 54 84 35 3 0 26
50 0 5 0 0 18 0 0 33 0 0 0 0 63 0 0 0 68 694 8 45 0 67 0 0 0 0 0 0 0 0 0 0 0 0 0 0 0 0 0 0 0 0 0 0 0 0 0 0 0 0 0 0 0 0 0 0 0 65 60 0 464 0 79 4 0 0 0 0 0 7 0 0 0 0 0 0 0 0 0 22 0 0 0 0 0 0 0 0 0 0 0 0 0 0 14 0 84 0 0 0
51 0 0 1 0 139 0 0 75 0 0 4 0 103 0 0 0 0 1608 81 365 136 0 0 0 0 34 0 0 32 57 0 0 0 0 0 0 0 0 0 0 0 0 0 0 0 0 0 0 0 0 0 12 0 0 0 0 0 45 100 356 388 133 0 28 0 0 0 0 11 36 0 0 0 0 0 0 0 0 53 53 0 0 179 0 0 0 0 0 0 0 0 0 0 0 142 26 125 28 110 0
52 0 0 0 0 62 0 16 39 0 0 8 0 99 0 0 0 0 1133 2 507 145 26 0 0 0 0 6 0 0 41 0 0 0 0 18 0 0 0 0 0 0 0 0 0 7 0 0 0 0 2 0 16 7 0 0 0 0 35 102 91 300 42 10 13 0 0 0 0 4 28 0 0 0 0 0 0 0 0 14 37 13 0 184 0 0 0 0 0 42 0 2 0 0 0 116 0 84 22 47 35
56 0 0 0 0 0 0 0 57 0 0 0 0 92 0 0 0 44 950 0 61 0 0 0 0 0 0 0 0 12 24 0 0 0 0 0 0 0 0 0 0 0 0 0 0 0 0 0 0 0 0 0 7 10 0 0 0 0 0 248 0 587 0 0 62 0 0 0 0 0 10 0 0 0 0 0 0 0 0 0 28 0 0 0 0 0 0 0 0 0 0 0 0 0 0 166 46 66 0 0 0
57 0 10 0 0 0 0 0 22 0 0 0 0 121 0 0 0 0 1219 68 130 91 0 28 0 0 0 0 18 0 89 0 0 0 78 44 9 0 0 0 0 0 0 0 0 0 0 0 0 0 0 0 0 0 0 0 0 0 89 127 0 788 85 26 0 0 0 0 0 8 23 0 0 0 56 0 0 0 0 20 51 0 0 0 0 0 0 0 0 0 0 0 0 0 0 131 0 76 6 0 0
60 50 0 17 0 0 0 0 23 0 2 2 0 106 0 0 0 0 682 8 90 821 0 0 0 0 0 0 0 84 18 60 0 0 0 0 0 96 0 0 0 0 0 0 27 11 0 0 0 0 0 0 0 0 0 0 0 0 20 133 0 308 476 0 0 0 0 0 0 9 7 0 0 0 0 0 0 0 0 20 24 0 0 55 0 0 0 25 86 0 0 0 0 0 0 139 55 30 0 0 20
62 0 0 0 0 0 0 0 0 0 0 0 0 51 7 0 0 0 1065 0 215 174 0 0 0 0 0 0 32 0 0 0 0 0 0 0 0 0 0 0 0 0 0 0 0 0 0 0 0 0 0 0 7 7 8 0 0 0 0 200 130 749 330 0 3 0 0 0 0 0 20 0 0 0 0 0 0 0 0 0 27 0 0 32 0 0 0 0 0 0 0 0 0 0 0 79 0 90 1 0 1
65 0 0 0 0 0 0 0 17 0 0 0 0 46 0 0 0 0 1162 0 277 0 0 0 0 0 0 13 0 0 0 0 0 0 0 0 0 0 0 0 0 0 0 0 0 0 0 0 0 0 0 0 0 0 0 0 0 0 38 246 79 692 0 0 0 0 0 0 0 12 15 0 0 0 0 0 0 0 0 30 34 0 0 27 0 35 0 0 0 0 0 0 11 0 0 46 0 77 0 0 0
66 0 0 0 0 0 0 0 28 0 0 0 0 76 0 0 0 0 780 11 283 223 0 19 0 0 0 0 0 0 95 0 0 0 0 0 0 0 0 0 0 0 0 0 0 0 0 0 0 0 0 0 0 3 12 0 0 0 0 79 0 867 152 28 0 0 0 0 0 12 33 0 0 0 0 0 0 0 0 19 26 0 0 34 0 0 0 0 0 0 0 0 0 18 0 37 0 33 0 21 0
68 0 0 0 0 0 0 0 106 0 0 0 0 77 0 0 0 0 670 17 93 4 0 0 0 0 0 9 0 0 20 0 0 0 0 0 8 0 0 0 0 0 0 0 0 0 0 0 0 3 0 0 0 7 0 0 0 0 59 62 94 790 0 0 7 0 0 0 0 17 10 0 0 0 0 0 0 0 0 32 62 0 0 105 0 0 10 0 0 8 0 0 0 0 0 114 11 22 0 0 2
70 0 0 0 0 0 0 0 38 0 0 17 0 98 0 0 7 0 654 7 167 83 0 0 18 0 0 0 0 0 0 33 0 0 0 0 0 0 0 0 0 0 0 0 0 0 0 0 0 0 0 0 4 0 6 0 0 0 49 39 0 472 100 11 3 0 0 0 5 9 10 0 0 0 0 0 0 0 5 9 20 0 0 0 0 0 0 0 0 0 0 0 0 0 0 35 3 17 0 32 0
73 0 0 0 0 0 0 0 16 0 0 0 0 38 0 0 0 53 768 0 103 2 0 6 0 0 0 0 0 0 23 0 0 0 0 0 0 0 0 0 0 44 0 0 0 9 0 0 0 0 5 0 6 18 0 0 0 0 72 187 0 434 0 0 3 0 0 0 3 6 7 0 0 0 0 0 0 0 8 10 29 0 0 12 0 33 0 4 0 0 0 0 0 28 0 68 19 42 7 0 16
74 0 0 0 0 0 0 67 96 0 0 0 0 139 0 0 0 0 844 10 59 0 0 0 0 30 0 0 65 68 0 0 0 0 0 0 0 0 0 0 0 0 0 0 0 26 0 0 0 0 0 0 0 0 0 0 0 0 43 115 0 350 0 0 15 57 0 0 0 18 26 0 0 0 0 0 0 0 0 28 26 0 0 98 0 0 0 0 0 59 14 0 4 32 0 191 1 52 0 0 26
75 0 207 0 0 0 0 0 7 0 0 0 0 129 20 0 0 0 751 18 59 6 0 0 0 0 0 0 0 0 0 0 0 0 0 0 0 0 0 0 0 0 0 0 0 0 0 0 0 0 0 0 37 0 0 0 0 0 52 119 35 745 0 0 6 0 0 0 0 4 7 0 0 0 0 0 0 0 0 13 22 0 0 0 0 0 0 0 0 0 0 0 0 0 0 39 0 71 4 0 0
78 0 0 0 0 0 0 0 34 0 27 0 0 83 0 0 0 80 368 0 29 0 56 0 0 0 0 0 0 0 33 0 0 0 0 0 0 0 0 0 0 0 0 0 0 0 0 0 0 7 0 0 4 3 0 0 0 0 20 48 35 181 0 22 5 6 0 0 0 6 10 0 0 0 0 0 0 0 0 19 15 0 0 0 0 0 0 0 0 0 0 0 0 0 0 28 0 51 0 0 0
79 0 0 0 0 0 0 28 24 0 0 0 0 147 0 0 0 0 1322 9 821 379 32 0 0 0 22 0 26 39 119 0 0 0 0 8 0 23 0 8 0 0 8 0 0 21 0 0 0 0 0 0 17 20 6 0 0 0 0 348 142 1361 213 30 28 15 0 0 0 0 26 0 0 0 0 0 0 0 0 0 60 0 0 77 0 0 0 0 0 0 0 0 0 8 0 123 61 99 5 0 7
80 0 0 13 0 0 9 0 38 0 0 0 0 82 0 0 0 0 485 91 37 146 0 0 0 0 0 0 0 0 9 33 0 0 0 0 0 0 0 0 0 0 0 0 0 0 0 0 0 0 0 0 24 0 0 0 0 0 27 126 419 627 0 0 0 0 0 0 0 50 16 0 0 0 0 0 0 0 0 22 37 0 0 0 0 0 0 0 0 0 0 0 0 0 0 84 11 0 0 0 0
